2000020001
2000020002
2000020003
2000020004
2000020005
2000020006
2000020007
2000020008
2000020009
2000020010
2000020011
2000020012
2000020013
2000020014
2000020015
2000020016
2000020017
2000020018
2000020019
2000020020
2000020021
2000020022
2000020023
2000020024
2000020025
2000020026
2000020027
2000020028
2000020029
2000020030
2000020031
2000020032
2000020033
2000020034
2000020035
2000020036
2000020037
2000020038
2000020039
2000020040
2000020041
2000020042
2000020043
2000020044
2000020045
2000020046
2000020047
2000020048
2000020049
2000020050
2000020051
2000020052
2000020053
2000020054
2000020055
2000020056
2000020057
2000020058
2000020059
2000020060
2000020061
2000020062
2000020063
2000020064
2000020065
2000020066
2000020067
2000020068
2000020069
2000020070
2000020071
2000020072
2000020073
2000020074
2000020075
2000020076
2000020077
2000020078
2000020079
2000020080
2000020081
2000020082
2000020083
2000020084
2000020085
2000020086
2000020087
2000020088
2000020089
2000020090
2000020091
2000020092
2000020093
2000020094
2000020095
2000020096
2000020097
2000020098
2000020099
2000020100
2000020101
2000020102
2000020103
2000020104
2000020105
2000020106
2000020107
2000020108
2000020109
2000020110
2000020111
2000020112
2000020113
2000020114
2000020115
2000020116
2000020117
2000020118
2000020119
2000020120
2000020121
2000020122
2000020123
2000020124
2000020125
2000020126
2000020127
2000020128
2000020129
2000020130
2000020131
2000020132
2000020133
2000020134
2000020135
2000020136
2000020137
2000020138
2000020139
2000020140
2000020141
2000020142
2000020143
2000020144
2000020145
2000020146
2000020147
2000020148
2000020149
2000020150
2000020151
2000020152
2000020153
2000020154
2000020155
2000020156
2000020157
2000020158
2000020159
2000020160
2000020161
2000020162
2000020163
2000020164
2000020165
2000020166
2000020167
2000020168
2000020169
2000020170
2000020171
2000020172
2000020173
2000020174
2000020175
2000020176
2000020177
2000020178
2000020179
2000020180
2000020181
2000020182
2000020183
2000020184
2000020185
2000020186
2000020187
2000020188
2000020189
2000020190
2000020191
2000020192
2000020193
2000020194
2000020195
2000020196
2000020197
2000020198
2000020199
2000020200
2000020201
2000020202
2000020203
2000020204
2000020205
2000020206
2000020207
2000020208
2000020209
2000020210
2000020211
2000020212
2000020213
2000020214
2000020215
2000020216
2000020217
2000020218
2000020219
2000020220
2000020221
2000020222
2000020223
2000020224
2000020225
2000020226
2000020227
2000020228
2000020229
2000020230
2000020231
2000020232
2000020233
2000020234
2000020235
2000020236
2000020237
2000020238
2000020239
2000020240
2000020241
2000020242
2000020243
2000020244
2000020245
2000020246
2000020247
2000020248
2000020249
2000020250
2000020251
2000020252
2000020253
2000020254
2000020255
2000020256
2000020257
2000020258
2000020259
2000020260
2000020261
2000020262
2000020263
2000020264
2000020265
2000020266
2000020267
2000020268
2000020269
2000020270
2000020271
2000020272
2000020273
2000020274
2000020275
2000020276
2000020277
2000020278
2000020279
2000020280
2000020281
2000020282
2000020283
2000020284
2000020285
2000020286
2000020287
2000020288
2000020289
2000020290
2000020291
2000020292
2000020293
2000020294
2000020295
2000020296
2000020297
2000020298
2000020299
2000020300
2000020301
2000020302
2000020303
2000020304
2000020305
2000020306
2000020307
2000020308
2000020309
2000020310
2000020311
2000020312
2000020313
2000020314
2000020315
2000020316
2000020317
2000020318
2000020319
2000020320
2000020321
2000020322
2000020323
2000020324
2000020325
2000020326
2000020327
2000020328
2000020329
2000020330
2000020331
2000020332
2000020333
2000020334
2000020335
2000020336
2000020337
2000020338
2000020339
2000020340
2000020341
2000020342
2000020343
2000020344
2000020345
2000020346
2000020347
2000020348
2000020349
2000020350
2000020351
2000020352
2000020353
2000020354
2000020355
2000020356
2000020357
2000020358
2000020359
2000020360
2000020361
2000020362
2000020363
2000020364
2000020365
2000020366
2000020367
2000020368
2000020369
2000020370
2000020371
2000020372
2000020373
2000020374
2000020375
2000020376
2000020377
2000020378
2000020379
2000020380
2000020381
2000020382
2000020383
2000020384
2000020385
2000020386
2000020387
2000020388
2000020389
2000020390
2000020391
2000020392
2000020393
2000020394
2000020395
2000020396
2000020397
2000020398
2000020399
2000020400
2000020401
2000020402
2000020403
2000020404
2000020405
2000020406
2000020407
2000020408
2000020409
2000020410
2000020411
2000020412
2000020413
2000020414
2000020415
2000020416
2000020417
2000020418
2000020419
2000020420
2000020421
2000020422
2000020423
2000020424
2000020425
2000020426
2000020427
2000020428
2000020429
2000020430
2000020431
2000020432
2000020433
2000020434
2000020435
2000020436
2000020437
2000020438
2000020439
2000020440
2000020441
2000020442
2000020443
2000020444
2000020445
2000020446
2000020447
2000020448
2000020449
2000020450
2000020451
2000020452
2000020453
2000020454
2000020455
2000020456
2000020457
2000020458
2000020459
2000020460
2000020461
2000020462
2000020463
2000020464
2000020465
2000020466
2000020467
2000020468
2000020469
2000020470
2000020471
2000020472
2000020473
2000020474
2000020475
2000020476
2000020477
2000020478
2000020479
2000020480
2000020481
2000020482
2000020483
2000020484
2000020485
2000020486
2000020487
2000020488
2000020489
2000020490
2000020491
2000020492
2000020493
2000020494
2000020495
2000020496
2000020497
2000020498
2000020499
2000020500
2000020501
2000020502
2000020503
2000020504
2000020505
2000020506
2000020507
2000020508
2000020509
2000020510
2000020511
2000020512
2000020513
2000020514
2000020515
2000020516
2000020517
2000020518
2000020519
2000020520
2000020521
2000020522
2000020523
2000020524
2000020525
2000020526
2000020527
2000020528
2000020529
2000020530
2000020531
2000020532
2000020533
2000020534
2000020535
2000020536
2000020537
2000020538
2000020539
2000020540
2000020541
2000020542
2000020543
2000020544
2000020545
2000020546
2000020547
2000020548
2000020549
2000020550
2000020551
2000020552
2000020553
2000020554
2000020555
2000020556
2000020557
2000020558
2000020559
2000020560
2000020561
2000020562
2000020563
2000020564
2000020565
2000020566
2000020567
2000020568
2000020569
2000020570
2000020571
2000020572
2000020573
2000020574
2000020575
2000020576
2000020577
2000020578
2000020579
2000020580
2000020581
2000020582
2000020583
2000020584
2000020585
2000020586
2000020587
2000020588
2000020589
2000020590
2000020591
2000020592
2000020593
2000020594
2000020595
2000020596
2000020597
2000020598
2000020599
2000020600
2000020601
2000020602
2000020603
2000020604
2000020605
2000020606
2000020607
2000020608
2000020609
2000020610
2000020611
2000020612
2000020613
2000020614
2000020615
2000020616
2000020617
2000020618
2000020619
2000020620
2000020621
2000020622
2000020623
2000020624
2000020625
2000020626
2000020627
2000020628
2000020629
2000020630
2000020631
2000020632
2000020633
2000020634
2000020635
2000020636
2000020637
2000020638
2000020639
2000020640
2000020641
2000020642
2000020643
2000020644
2000020645
2000020646
2000020647
2000020648
2000020649
2000020650
2000020651
2000020652
2000020653
2000020654
2000020655
2000020656
2000020657
2000020658
2000020659
2000020660
2000020661
2000020662
2000020663
2000020664
2000020665
2000020666
2000020667
2000020668
2000020669
2000020670
2000020671
2000020672
2000020673
2000020674
2000020675
2000020676
2000020677
2000020678
2000020679
2000020680
2000020681
2000020682
2000020683
2000020684
2000020685
2000020686
2000020687
2000020688
2000020689
2000020690
2000020691
2000020692
2000020693
2000020694
2000020695
2000020696
2000020697
2000020698
2000020699
2000020700
2000020701
2000020702
2000020703
2000020704
2000020705
2000020706
2000020707
2000020708
2000020709
2000020710
2000020711
2000020712
2000020713
2000020714
2000020715
2000020716
2000020717
2000020718
2000020719
2000020720
2000020721
2000020722
2000020723
2000020724
2000020725
2000020726
2000020727
2000020728
2000020729
2000020730
2000020731
2000020732
2000020733
2000020734
2000020735
2000020736
2000020737
2000020738
2000020739
2000020740
2000020741
2000020742
2000020743
2000020744
2000020745
2000020746
2000020747
2000020748
2000020749
2000020750
2000020751
2000020752
2000020753
2000020754
2000020755
2000020756
2000020757
2000020758
2000020759
2000020760
2000020761
2000020762
2000020763
2000020764
2000020765
2000020766
2000020767
2000020768
2000020769
2000020770
2000020771
2000020772
2000020773
2000020774
2000020775
2000020776
2000020777
2000020778
2000020779
2000020780
2000020781
2000020782
2000020783
2000020784
2000020785
2000020786
2000020787
2000020788
2000020789
2000020790
2000020791
2000020792
2000020793
2000020794
2000020795
2000020796
2000020797
2000020798
2000020799
2000020800
2000020801
2000020802
2000020803
2000020804
2000020805
2000020806
2000020807
2000020808
2000020809
2000020810
2000020811
2000020812
2000020813
2000020814
2000020815
2000020816
2000020817
2000020818
2000020819
2000020820
2000020821
2000020822
2000020823
2000020824
2000020825
2000020826
2000020827
2000020828
2000020829
2000020830
2000020831
2000020832
2000020833
2000020834
2000020835
2000020836
2000020837
2000020838
2000020839
2000020840
2000020841
2000020842
2000020843
2000020844
2000020845
2000020846
2000020847
2000020848
2000020849
2000020850
2000020851
2000020852
2000020853
2000020854
2000020855
2000020856
2000020857
2000020858
2000020859
2000020860
2000020861
2000020862
2000020863
2000020864
2000020865
2000020866
2000020867
2000020868
2000020869
2000020870
2000020871
2000020872
2000020873
2000020874
2000020875
2000020876
2000020877
2000020878
2000020879
2000020880
2000020881
2000020882
2000020883
2000020884
2000020885
2000020886
2000020887
2000020888
2000020889
2000020890
2000020891
2000020892
2000020893
2000020894
2000020895
2000020896
2000020897
2000020898
2000020899
2000020900
2000020901
2000020902
2000020903
2000020904
2000020905
2000020906
2000020907
2000020908
2000020909
2000020910
2000020911
2000020912
2000020913
2000020914
2000020915
2000020916
2000020917
2000020918
2000020919
2000020920
2000020921
2000020922
2000020923
2000020924
2000020925
2000020926
2000020927
2000020928
2000020929
2000020930
2000020931
2000020932
2000020933
2000020934
2000020935
2000020936
2000020937
2000020938
2000020939
2000020940
2000020941
2000020942
2000020943
2000020944
2000020945
2000020946
2000020947
2000020948
2000020949
2000020950
2000020951
2000020952
2000020953
2000020954
2000020955
2000020956
2000020957
2000020958
2000020959
2000020960
2000020961
2000020962
2000020963
2000020964
2000020965
2000020966
2000020967
2000020968
2000020969
2000020970
2000020971
2000020972
2000020973
2000020974
2000020975
2000020976
2000020977
2000020978
2000020979
2000020980
2000020981
2000020982
2000020983
2000020984
2000020985
2000020986
2000020987
2000020988
2000020989
2000020990
2000020991
2000020992
2000020993
2000020994
2000020995
2000020996
2000020997
2000020998
2000020999
2000021000
