5000050000
5000050001
5000050002
5000050003
5000050004
5000050005
5000050006
5000050007
5000050008
5000050009
5000050010
5000050011
5000050012
5000050013
5000050014
5000050015
5000050016
5000050017
5000050018
5000050019
5000050020
5000050021
5000050022
5000050023
5000050024
5000050025
5000050026
5000050027
5000050028
5000050029
5000050030
5000050031
5000050032
5000050033
5000050034
5000050035
5000050036
5000050037
5000050038
5000050039
5000050040
5000050041
5000050042
5000050043
5000050044
5000050045
5000050046
5000050047
5000050048
5000050049
5000050050
5000050051
5000050052
5000050053
5000050054
5000050055
5000050056
5000050057
5000050058
5000050059
5000050060
5000050061
5000050062
5000050063
5000050064
5000050065
5000050066
5000050067
5000050068
5000050069
5000050070
5000050071
5000050072
5000050073
5000050074
5000050075
5000050076
5000050077
5000050078
5000050079
5000050080
5000050081
5000050082
5000050083
5000050084
5000050085
5000050086
5000050087
5000050088
5000050089
5000050090
5000050091
5000050092
5000050093
5000050094
5000050095
5000050096
5000050097
5000050098
5000050099
